# 1 17
-0.15930000000000177 1.04358
-0.7197999999999993 0.74336
-0.9409999999999954 0.4152199999999997
-0.9808000000000021 0.26926000000000005
-1.0212000000000003 0.10824900000000004
-1.0722999999999985 -0.10954000000000041
-0.9827999999999975 -0.4238200000000001
-0.6015999999999977 -0.7883299999999998
-0.2313000000000045 -1.0056700000000003
-0.0020000000000024443 -0.9825139999999999
0.607999999999997 -0.8350200000000001
0.9154000000000053 -0.5567199999999994
0.9555000000000007 -0.42889
0.9832000000000036 0.03758999999999979
0.9441000000000059 0.34750000000000014
0.9279000000000011 0.4529700000000001
0.6510000000000034 0.863
# 2 16
-0.29360000000000497 1.9872299999999998
-1.4388000000000005 1.4214700000000002
-1.9228999999999985 0.5351020000000001
-2.0279999999999987 0.197733
-2.0953000000000017 -0.2425600000000001
-1.8851000000000013 -0.8159700000000001
-1.1906000000000034 -1.5573199999999998
-0.4206000000000003 -1.9518100000000003
0.017000000000003013 -1.9545540000000001
1.1991000000000014 -1.6514400000000002
1.8019999999999996 -1.0599799999999995
1.842099999999995 -0.93215
1.8863000000000056 0.051750000000000185
1.8648000000000025 0.77833
1.850999999999999 0.8201700000000001
1.2334000000000032 1.639309
# 3 17
2.7575000000000003 -1.4888699999999995
2.7879000000000005 1.14553
2.7716999999999956 1.251
1.7687999999999988 2.3999791
-0.43550000000000466 2.85561
-0.5397000000000034 2.845246
-1.8295999999999992 2.24314
-2.0305999999999997 2.07907
-2.660899999999998 1.02454
-3.014800000000001 0.288452
-3.100500000000004 -0.3348899999999997
-2.913000000000004 -0.77644
-2.667899999999996 -1.1566100000000001
-1.7414000000000058 -2.31437
-0.6471000000000018 -2.8139000000000003
-0.024200000000000443 -2.920912
1.7793999999999954 -2.39722
# 4 12
-2.200800000000001 -2.96007
-0.04369999999999408 -3.88009
2.2568999999999946 -3.0899335000000003
3.6308000000000007 -1.9738899999999995
3.7158000000000015 1.5985
2.1662999999999997 3.0042649999999997
-0.7653000000000034 3.7513959999999997
-2.417900000000003 2.98929
-3.975900000000003 0.39868099999999995
-4.034399999999998 0.23061100000000007
-4.111699999999999 -0.47807999999999984
-3.8674000000000035 -0.9695499999999999
# 5 11
-2.5747 -3.485897
-0.043199999999998795 -4.768280000000001
2.6058999999999983 -3.622803
4.496400000000001 -2.4563099999999998
4.598799999999997 1.9386100000000002
2.235500000000002 3.3312399999999998
-0.9442000000000021 4.594107
-2.9590999999999994 3.66365
-5.0212 0.32133000000000006
-5.134700000000002 -0.6110999999999995
-4.811399999999999 -1.21639
# 6 10
-6.078299999999999 -0.7552300000000001
-5.758299999999998 -1.43107
-2.785599999999995 -3.765087
0.009900000000001796 -5.64879
5.340699999999998 -2.9494
5.495100000000001 2.31027
2.4906000000000006 4.13584
-1.1458999999999975 5.26698
-3.389800000000001 4.16678
-5.982300000000002 0.431559
# 7 9
-6.9942999999999955 -0.8858200000000003
-6.655499999999996 -1.64405
-0.022399999999997533 -6.23191
6.163699999999999 -3.3915999999999995
6.3519000000000005 2.7807
2.637599999999999 4.8444
-1.2316999999999965 5.6409
-3.6182000000000016 4.486958
-6.833199999999998 0.5331836000000001
# 8 11
-7.735799999999998 -0.98699
-7.512499999999996 -1.7758599999999998
0.11240000000000094 -6.78449
6.909300000000002 -3.8112099999999995
7.1297 3.17302
2.467500000000001 5.1609
-1.301000000000002 6.22696
-1.8173999999999992 5.98267
-2.403500000000001 5.640467
-3.7160999999999973 4.623735
-7.4495000000000005 0.606311
# 9 9
-8.301200000000001 -1.04161
-8.0901 -1.8697
0.08010000000000161 -7.36761
7.444099999999999 -4.137359999999999
7.599699999999999 3.455915
2.0401000000000025 5.8810199999999995
-1.386800000000001 6.60088
-2.6051999999999964 6.31334
-7.854999999999997 0.609125
