# 1 26
-0.9411999999999985 0.2392499999999993
-0.9860000000000007 -0.12088000000000054
-0.8427000000000007 -0.5209099999999998
-0.7923999999999989 -0.5826700000000002
-0.41350000000000087 -0.8883899999999993
-0.13019999999999854 -0.9645299999999999
0.23749999999999893 -0.95011
0.4084399999999997 -0.8864199999999993
0.4339999999999993 -0.8724500000000002
0.5119000000000007 -0.82231
0.78017 -0.63504
0.8286000000000016 -0.5361199999999999
0.924199999999999 -0.28171999999999997
0.9777999999999984 -0.03607999999999989
0.9700000000000024 0.22445000000000004
0.6655999999999977 0.6017899999999998
0.38780000000000037 0.8191199999999998
0.23739999999999917 0.9207750000000001
-0.011200000000000543 0.924699
-0.10269999999999868 0.9167900000000002
-0.13569999999999993 0.9102899999999998
-0.33999999999999986 0.8266230000000001
-0.4626000000000019 0.7710800000000004
-0.7010000000000005 0.5946020000000001
-0.7554400000000001 0.5390800000000002
-0.8158000000000012 0.46475000000000044
# 2 22
-1.9030999999999985 -0.22400999999999982
-1.6651000000000007 -1.0657100000000002
-0.8061000000000007 -1.7698900000000002
-0.34859999999999935 -1.8888
0.4667299999999983 -1.842356
0.9159000000000006 -1.70592
1.4774499999999993 -1.220756
1.5768000000000022 -1.036881
1.8141999999999996 -0.48799999999999955
1.9243999999999986 -0.12172400000000005
1.9192 -0.08055999999999996
1.8515000000000015 0.4138300000000008
1.7362000000000002 0.5894200000000005
1.3847999999999985 1.1141900000000002
0.6251999999999995 1.739895
-0.2383999999999986 1.82708
-0.6770999999999994 1.644763
-1.392400000000002 1.1938819999999999
-1.5020699999999998 1.0266399999999996
-1.7379999999999995 0.54671
-1.7860999999999976 0.4479299999999995
-1.899099999999999 0.06803999999999988
# 3 24
-2.0486000000000004 1.8054169999999998
-2.2855999999999996 1.4719499999999996
-2.6107999999999976 0.6502999999999997
-2.8191000000000006 0.03818999999999928
-2.8033 -0.28317999999999977
-2.4354999999999993 -1.6223
-1.2047000000000008 -2.59769
-0.4711999999999996 -2.76006
0.691889999999999 -2.730286
1.3413000000000004 -2.502811
1.4380699999999997 -2.4523989999999998
1.4621200000000005 -2.434021
1.4779600000000013 -2.421557
1.507200000000001 -2.39649
2.1520200000000003 -1.812126
2.3755000000000024 -1.5283259999999999
2.7104999999999997 -0.6486899999999993
2.8827 -0.16549999999999998
2.7055000000000007 0.5721699999999998
2.5738000000000003 0.7918700000000003
2.098399999999998 1.5009599999999996
0.9591999999999992 2.514265
-0.34450000000000003 2.72657
-1.0088000000000008 2.408533
# 4 24
1.1602999999999994 3.240405
-0.4571000000000005 3.49244
-1.3444000000000003 3.215443
-2.637599999999999 2.3265670000000003
-2.7592 2.240974
-2.9901599999999995 1.90712
-3.056799999999999 1.7265499999999996
-3.6921 0.003270000000000106
-3.7196999999999996 -0.12148000000000003
-3.6697999999999986 -0.3629899999999999
-3.1159000000000017 -2.16984
-3.0916999999999994 -2.2342699999999995
-1.5213 -3.4401899999999994
-0.5787999999999993 -3.526071
0.8677699999999984 -3.543396
1.0294600000000003 -3.510033
1.8889700000000005 -3.266849
1.90949 -3.25913
1.956760000000001 -3.226537
3.1369000000000007 -1.98724266
3.8435999999999986 -0.20228400000000002
3.5274 0.7496200000000002
3.3705999999999996 0.9632300000000003
2.624399999999998 1.9434999999999998
# 5 17
-3.67122 2.2088199999999993
-4.639700000000001 -0.15133000000000063
-3.8400000000000016 -2.6449800000000003
-3.772100000000002 -2.7818099999999997
-1.8331999999999997 -4.229290000000001
0.3984200000000002 -4.367030000000001
1.1865799999999993 -4.382783
2.3603900000000007 -4.07358
2.3882899999999996 -4.06411
3.7668000000000017 -2.4486689999999998
4.7906999999999975 -0.251555
4.1114999999999995 1.1754800000000003
3.232199999999999 2.17452
1.2787999999999986 3.769725
-0.571900000000003 4.15452
-1.6091000000000015 3.9604929999999996
-3.277000000000001 2.8549580000000003
# 6 15
-5.4512 -0.15063000000000049
-4.496200000000002 -3.25695
-2.1318 -4.9381900000000005
0.45599000000000034 -5.157430000000001
1.3485999999999994 -5.214773
2.8391900000000003 -4.87856
4.376400000000002 -2.84423
5.6906 -0.357915
4.770199999999999 1.4077099999999998
1.9197300000000004 3.8317200000000002
1.3785999999999987 4.152137
-0.6458000000000013 4.72427
-1.7913999999999994 4.541603
-3.5976999999999997 3.412553
-4.182519999999999 2.4361099999999993
# 7 16
-6.1937999999999995 -0.15254000000000012
-5.136200000000002 -3.6355199999999996
-2.366999999999999 -5.38059
0.5538700000000003 -5.919530000000001
1.5586699999999993 -6.0667930000000005
3.3136899999999994 -5.66198
6.4154 -0.7194100000000008
6.5624 -0.405405
5.194199999999999 1.7804599999999997
2.112009999999999 4.048159999999999
1.0579 4.709732
-0.6796000000000006 4.99739
-1.9338999999999977 4.883354000000001
-2.7253000000000007 4.407150000000001
-3.9236699999999995 3.597803
-4.9178999999999995 2.7565500000000007
# 8 17
-6.833600000000001 -0.13280000000000047
-5.5908000000000015 -3.8518599999999994
-2.5070999999999994 -5.76492
1.7563300000000002 -6.916763
3.6158900000000003 -6.440799999999999
3.683719999999999 -6.34797
7.296799999999999 -0.7516600000000002
7.307499999999999 -0.483525
6.016099999999998 1.95791
1.5370100000000004 5.0187170000000005
0.5400999999999989 5.323716
-0.23150000000000048 5.41674
-1.3007999999999988 5.346524
-1.7377000000000002 5.220813
-3.0116999999999976 4.812170000000001
-3.2605000000000004 4.71574
-5.456700000000001 3.1064500000000006
# 9 18
8.1121 -0.7034400000000005
6.697999999999999 2.1391
1.3104200000000006 5.6491620000000005
-0.11300000000000132 5.94606
-0.879999999999999 5.99132
-1.7712000000000003 5.823600000000001
-2.8727 5.53486
-5.770800000000001 3.27205
-7.363499999999998 0.7752799999999995
-7.3894 0.3508399999999998
-7.308199999999999 0.006910000000000416
-7.2376000000000005 -0.17208999999999985
-5.616700000000002 -4.190309999999999
-3.0604999999999993 -5.926329999999999
1.9821 -7.690353
3.8399900000000002 -7.183
3.98592 -7.12679
8.0539 -0.8296999999999999
