# 1 22
-0.5353700000000003 0.9169700000000005
-1.135200000000001 0.39924499999999996
-1.0035999999999987 -0.2204599999999992
-0.9076999999999984 -0.4520999999999997
-0.8116999999999983 -0.5869999999999997
-0.7517499999999999 -0.668000000000001
-0.5793900000000001 -0.8251999999999997
-0.157199999999996 -1.0047999999999995
0.008960000000000079 -1.00019
0.47130000000000116 -0.91404
0.5985000000000014 -0.8083999999999998
0.9223300000000005 -0.5178000000000011
0.9974999999999987 -0.12209999999999965
1.0036199999999997 0.2231999999999985
0.9687000000000019 0.29810999999999943
0.7444000000000006 0.6785399999999999
0.6161999999999992 0.7903799999999999
0.423350000000001 0.9318000000000008
0.3786999999999985 0.9508799999999997
0.031399999999997874 1.055288
-0.2880099999999999 0.9918480000000001
-0.4156999999999975 0.9614099999999999
# 2 23
1.7978300000000003 -1.024000000000001
1.971449999999999 -0.14747
1.906600000000001 0.5321399999999992
1.4803999999999995 1.2936000000000005
1.1884000000000015 1.5298100000000003
1.0749999999999957 1.61902
0.8331 1.7904999999999998
0.07669999999999888 2.07517
-0.6523600000000003 1.9279879999999998
-0.8421999999999983 1.8803599999999996
-1.087270000000001 1.7882100000000003
-2.038400000000001 0.73641
-2.0074000000000005 -0.2225999999999999
-1.9496000000000002 -0.44822000000000095
-1.9216000000000015 -0.5276999999999994
-1.750399999999999 -0.9411000000000005
-1.4540599999999997 -1.3788
-1.1445000000000007 -1.6466000000000003
-0.4984000000000002 -1.9122599999999998
-0.03165999999999958 -1.972093
0.8544 -1.7721999999999998
1.0925000000000011 -1.60038
1.5473899999999992 -1.2375600000000002
# 3 25
-2.934700000000001 1.0386039999999999
-2.943800000000003 0.04439999999999955
-2.935100000000002 -0.32620000000000005
-2.898799999999998 -0.7335999999999991
-2.5885 -1.3765
-2.11111 -2.0745000000000005
-1.7595100000000006 -2.3761400000000004
-0.722999999999999 -2.85619
-0.08140000000000036 -2.9640244
0.9840000000000018 -2.6602300000000003
1.6073000000000022 -2.3613
2.2755199999999993 -1.8255600000000012
2.5943699999999996 -1.4754000000000005
2.9071499999999997 -0.3520399999999999
2.8632600000000004 0.55429
2.8054000000000023 0.79047
2.787099999999999 0.8373900000000001
2.1948299999999996 1.9558200000000001
1.5949600000000004 2.40381
1.2131999999999987 2.6862000000000013
0.18209999999999837 2.99648
-0.8475199999999994 2.91216
-1.5551900000000005 2.6722099999999998
-2.0660999999999987 2.14325
-2.195800000000002 2.00289
# 4 24
-3.7939000000000007 1.440659
-3.8656000000000006 0.09140000000000015
-3.8446999999999996 -0.9766999999999992
-3.8347999999999978 -0.9999000000000002
-3.3659999999999997 -1.7847999999999988
-2.7247399999999997 -2.7604000000000006
-2.235920000000001 -3.098930000000001
-0.9403000000000006 -3.7453200000000004
-0.047290000000000276 -3.8843044
1.3483000000000018 -3.48151
2.0777 -3.1323
2.9579299999999993 -2.4673800000000012
3.47039 -1.6957000000000022
3.52349 -1.6033999999999988
3.8074499999999993 -0.4663599999999999
3.8031 0.7459199999999999
3.7508999999999997 0.9741399999999985
3.7249 1.0854400000000002
2.8973000000000013 2.6318799999999998
1.6098999999999997 3.5631000000000004
0.25709999999999766 3.8528400000000005
-1.2118699999999998 3.8483
-2.09347 3.47152
-2.9159000000000006 2.64912
# 5 23
-4.763780000000001 -0.0033999999999991815
-4.7806999999999995 -1.2430000000000003
-4.07867 -2.35326
-3.32334 -3.4182000000000006
-2.4802999999999997 -3.9100189999999997
-1.0348000000000006 -4.58185
-0.08755999999999986 -4.769459
1.7297999999999973 -4.32609
2.5822000000000003 -3.9490100000000004
3.6106499999999997 -3.0762100000000006
4.3650199999999995 -2.049100000000001
4.754049999999999 -0.4173499999999999
4.7328 0.9792299999999998
4.662799999999999 1.31947
3.6417 3.24604
1.9918000000000013 4.37688
1.9167999999999985 4.3987
0.3225800000000003 4.705820000000001
-1.45919 4.7472199999999996
-2.62866 4.24155
-3.646000000000001 3.2895459999999996
-4.574900000000001 1.7997130000000001
-4.682530000000002 1.1532999999999998
# 6 22
-4.363600000000002 3.876316
-5.3871 2.102092
-5.589080000000001 1.4315999999999995
-5.739900000000002 -0.42739999999999867
-5.6995000000000005 -1.4859999999999989
-4.851199999999999 -2.9281000000000006
-3.9219340000000003 -3.939399999999999
-2.981200000000001 -4.637989
-1.1427000000000014 -5.33641
-0.14337999999999962 -5.54106
2.0548 -5.15229
3.106500000000004 -4.66769
5.19574 -2.4071000000000016
5.69675 -0.33170999999999995
5.65518 1.2509099999999997
5.5616 1.5778000000000008
4.35613 3.9082599999999994
2.2987 5.212479999999999
0.31323000000000034 5.650259999999999
-0.8741200000000005 5.66527
-1.68376 5.66717
-3.08667 5.124302
# 7 25
6.59615 -0.31723999999999997
6.50066 1.4135099999999998
6.364399999999998 1.81067
5.036660000000001 4.50064
2.5779999999999994 5.817419999999999
0.4157000000000002 6.55894
0.37905999999999995 6.5598399999999994
-1.6381699999999997 6.56434
-1.8230699999999995 6.55514
-3.51182 5.978541
-4.6744 4.8792
-5.135100000000001 4.3766099999999994
-6.1516 2.45288
-6.47003 1.6719999999999988
-6.662199999999999 -0.35453000000000046
-6.675300000000004 -0.5337999999999994
-6.591400000000002 -1.7185000000000006
-5.689299999999999 -3.3635
-4.591114 -4.5215499999999995
-3.4680999999999997 -5.399449
-1.4488999999999983 -5.918950000000001
-0.19839999999999947 -6.17387
2.3451999999999984 -5.918590000000001
3.615700000000004 -5.44662
6.0197199999999995 -2.762900000000002
# 8 23
-7.32913 1.9505
-7.600300000000001 -0.557599999999999
-7.530199999999999 -1.8426600000000004
-7.5022 -1.9221399999999988
-6.436 -3.8055000000000003
-6.392700000000001 -3.8519999999999985
-6.133461 -4.118272
-3.8459000000000003 -5.9988589999999995
-1.692499999999999 -6.7578
-0.23179000000000016 -6.71037
2.630200000000002 -6.4673300000000005
4.1455000000000055 -6.14793
6.711549999999999 -3.0470000000000006
7.325149999999999 -0.3001499999999999
7.070299999999998 2.01497
5.60075 5.0352
2.7943999999999996 6.37602
0.4815299999999998 7.46852
-1.8627399999999996 7.48429
-3.9867600000000003 6.835929999999999
-5.325800000000001 5.56299
-5.785599999999999 5.02133
-5.859400000000001 4.88733
# 9 22
-8.13609 2.187800000000001
-8.533999999999999 -0.5043299999999995
-8.505899999999999 -2.1272599999999997
-7.139400000000002 -4.293999999999999
-7.003791 -4.494112
-4.135100000000001 -6.328019
-1.8824000000000005 -7.54374
-0.19768000000000008 -7.63065
2.994500000000002 -7.28861
3.0435000000000016 -7.28259
4.6584 -6.847829999999999
7.104369999999999 -3.2520000000000007
7.719349999999999 -0.2513099999999999
7.588190000000001 1.6462269999999997
7.484799999999998 2.1094500000000007
6.140960000000001 5.4479299999999995
0.6331199999999999 8.28593
-1.8400999999999996 8.32962
-4.45912 7.6700099999999996
-5.937899999999999 6.26119
-6.493999999999998 5.58612
-6.7076 5.147410000000001
