# 1 21
-0.8487000000000009 0.5276999999999994
-0.9811999999999976 -0.090799999999998
-0.963000000000001 -0.13870000000000005
-0.7983000000000011 -0.54894
-0.543337 -0.7805700000000004
-0.2779000000000007 -0.9113999999999987
0.03500000000000014 -0.9831999999999983
0.1512999999999991 -0.9599219999999999
0.4046000000000003 -0.8696000000000002
0.5701700000000001 -0.7435000000000009
0.7790900000000001 -0.5798000000000005
0.9522000000000013 -0.13530000000000086
0.9389099999999999 0.19831999999999983
0.8818999999999999 0.3196000000000012
0.5299300000000002 0.7774000000000001
0.31514999999999915 0.8542400000000008
-0.04467999999999961 0.9798700000000009
-0.14297000000000004 0.9434099999999983
-0.4803999999999995 0.8120700000000003
-0.5372999999999983 0.7885100000000005
-0.7222000000000008 0.6442999999999977
# 2 29
-1.6548999999999996 1.008000000000001
-1.7591999999999999 0.5853426
-1.861900000000002 -0.03409999999999869
-1.888300000000001 -0.19640000000000057
-1.8979999999999997 -0.26559999999999917
-1.5154000000000014 -1.1051599999999997
-1.075495 -1.5124999999999997
-0.4449000000000005 -1.8034
-0.12449999999999939 -1.8777999999999988
0.09949999999999903 -1.8579999999999988
0.5585000000000004 -1.7960000000000012
0.8440000000000012 -1.6874000000000002
0.9086599999999994 -1.6328000000000014
1.3099000000000025 -1.2847999999999988
1.3970999999999982 -1.2041000000000004
1.4710300000000007 -1.1096000000000004
1.6607999999999983 -0.7464000000000013
1.8191000000000024 -0.4248000000000012
1.8584999999999994 -0.23879999999999768
1.8645500000000004 0.35631999999999975
1.704600000000001 0.6001000000000012
1.5091 0.889800000000001
1.1346300000000014 1.4397099999999998
1.0651700000000002 1.4916
0.6288000000000018 1.674599999999998
-0.03385999999999889 1.888300000000001
-0.18764999999999965 1.9232799999999992
-1.0405999999999977 1.5459400000000008
-1.3719000000000001 1.343399999999999
# 3 21
-2.3862000000000005 1.5532000000000021
-2.609099999999998 0.9149266
-2.7733000000000025 -0.03669999999999973
-2.7806999999999995 -0.3768999999999991
-2.1951 -1.6713300000000002
-1.558155 -2.2184399999999997
-0.6955000000000009 -2.6395
-0.23299999999999876 -2.7112999999999996
0.3829999999999991 -2.727599999999999
1.3132599999999996 -2.5024000000000015
2.0227000000000004 -1.8939000000000004
2.465399999999999 -1.0833000000000013
2.7254000000000005 -0.528299999999998
2.7653799999999995 0.4700099999999998
2.7465599999999997 0.5497399999999999
2.2659999999999982 1.2805999999999997
1.6698700000000013 2.1539099999999998
0.11250000000000071 2.743170000000001
-0.17682999999999893 2.8317099999999993
-0.3437000000000001 2.84349
-1.5209999999999972 2.358010000000001
# 4 20
3.647389999999999 0.66343
2.125020000000001 2.757109999999999
-0.03046999999999933 3.6865799999999993
-0.3328799999999994 3.75192
-0.4306000000000001 3.7343900000000003
-2.0112999999999985 3.05755
-3.090099999999998 2.037699999999999
-3.448599999999999 1.176311
-3.670900000000003 -0.03409999999999869
-3.6316000000000006 -0.2790999999999997
-3.596700000000002 -0.4908999999999999
-3.583199999999998 -0.5240000000000009
-2.828900000000001 -2.2935500000000006
-1.889823 -2.93516
-0.8608000000000011 -3.370799999999999
0.5045999999999999 -3.6189
1.7142800000000005 -3.339600000000001
2.626800000000003 -2.438900000000002
3.319700000000001 -1.3500999999999994
3.5857000000000028 -0.6834999999999987
# 5 20
-4.565999999999999 -0.23719999999999786
-4.533200000000001 -0.3379000000000012
-3.5085999999999995 -2.859720000000001
-2.33221 -3.53084
-0.9920000000000009 -3.9534000000000002
0.5838999999999999 -4.4389
0.7532999999999994 -4.475
2.1201500000000006 -4.1873200000000015
3.153100000000002 -3.0069000000000017
3.3777800000000004 -2.6911000000000005
4.1202000000000005 -1.6441
4.446300000000001 -0.8769999999999989
4.446389999999999 0.86222
4.37191 1.00583
2.447040000000001 3.241909999999999
-0.1865199999999998 4.60679
-0.4197799999999994 4.64282
-2.4603 3.75823
-3.809099999999999 2.4434000000000022
-4.159700000000001 1.403955
# 6 19
-4.5939 2.8541000000000007
-5.477399999999999 -0.2397999999999989
-5.473100000000002 -0.34280000000000044
-4.1203 -3.409530000000001
0.692499999999999 -5.2513000000000005
0.8325999999999993 -5.295
2.488810000000001 -5.033990000000001
4.7592 -2.0653000000000006
4.858480000000001 -1.8880999999999997
5.145099999999999 -1.2620000000000005
5.193300000000001 -1.002600000000001
5.312469999999999 1.0059699999999998
5.29755 1.16383
2.9008000000000003 3.4174999999999986
2.6972400000000007 3.554309999999999
0.0924700000000005 5.28901
-0.2734199999999998 5.49769
-0.46205999999999925 5.45532
-2.770100000000003 4.26953
# 7 16
-6.384500000000003 -0.3454000000000015
-4.5549 -3.8150700000000004
0.9411999999999985 -6.1074
2.642150000000001 -5.8969200000000015
2.9303299999999997 -5.786340000000001
5.518900000000002 -2.4435000000000002
5.892099999999999 -1.3876000000000026
6.198379999999999 1.27752
6.16481 1.3665949999999998
3.313200000000002 4.0921
0.005570000000000519 6.1799100000000005
-0.31569999999999965 6.31019
-0.5364399999999989 6.23432
-3.202300000000001 4.87351
-5.297700000000001 3.2431
-6.375 -0.23719999999999786
# 8 15
-7.282100000000003 -0.34280000000000044
-4.8606 -4.06189
1.0803000000000011 -6.674449999999998
2.7497500000000006 -6.756820000000001
3.010810000000001 -6.743590000000001
3.2006299999999985 -6.60374
3.30717 -6.489700000000001
6.287600000000001 -2.7592
6.638499999999999 -1.0231999999999992
7.065639999999999 1.4802849999999999
3.6128 4.587499999999999
-0.036709999999999354 6.9924100000000005
-0.3900799999999993 7.08919
-3.473700000000001 5.391909999999999
-5.892799999999999 3.5699000000000023
# 9 17
-6.347399999999999 3.8299000000000003
-8.027600000000003 -0.38260000000000005
-6.6554 -2.4486999999999988
-4.975899999999999 -4.453420000000001
-1.4786700000000002 -6.1235
1.1735000000000007 -7.153449999999998
3.118410000000001 -7.603490000000001
3.45233 -7.495940000000001
7.024700000000001 -3.1331000000000007
7.051500000000001 -2.973399999999998
7.3476 -1.1768
7.760619999999999 1.5841659999999997
3.9267000000000003 4.8523
3.5404100000000005 5.171709999999999
-0.11108999999999902 7.77141
-0.44605999999999923 7.678090000000001
-3.836500000000001 5.76659
