# 1 17
0.12992000000000026 0.8243999999999971
-0.3268999999999984 0.8917999999999999
-0.7153999999999989 0.5965999999999987
-0.8148399999999985 0.5006000000000022
-0.8699000000000012 0.41639999999999944
-1.0042000000000009 0.19460000000000122
-0.9131 -0.08220000000000027
-0.8338999999999999 -0.25789999999999935
-0.7729999999999997 -0.38480000000000025
-0.50725 -0.6667999999999985
-0.23767999999999923 -0.9423999999999992
0.23014599999999985 -0.8789999999999996
0.6060700000000001 -0.793000000000001
0.9276000000000018 -0.3539000000000012
0.9850999999999992 -0.16132999999999953
0.9416000000000011 0.26375999999999955
0.5143000000000004 0.6843000000000004
# 2 21
-1.9295000000000009 0.4214000000000002
-1.8031000000000006 -0.16500000000000092
-1.6255999999999986 -0.5839999999999996
-1.5646999999999984 -0.7109000000000005
-0.9102699999999997 -1.4284999999999997
-0.47645999999999944 -1.8245000000000005
-0.45039999999999836 -1.8447999999999993
0.5341159999999999 -1.6761999999999997
1.1768800000000001 -1.516399999999999
1.7210999999999999 -0.7785999999999991
1.7927999999999997 -0.6496000000000013
1.8937999999999988 -0.4331200000000006
1.91329 -0.22309999999999874
1.8579000000000008 0.4183199999999996
1.0865900000000006 1.2894000000000005
0.9665800000000004 1.353200000000001
0.23195000000000032 1.5687999999999995
-0.6188000000000002 1.7584
-1.0589999999999993 1.4471999999999987
-1.3894999999999982 1.206900000000001
-1.7345000000000006 0.7977999999999987
# 3 16
-0.6647999999999996 -2.7491999999999983
1.7432450000000002 -2.258899999999999
1.9979600000000008 -1.8862999999999985
2.4663000000000004 -1.1906999999999996
2.7890999999999995 -0.6399100000000004
2.7578999999999994 0.5156200000000002
2.727599999999999 0.6226500000000001
1.5388700000000006 1.9583000000000013
-0.8764000000000003 2.5249000000000006
-1.4739000000000004 2.1685000000000016
-2.043199999999999 1.8076000000000008
-2.583000000000002 1.1235999999999997
-2.8135000000000012 0.49160000000000004
-2.6456999999999997 -0.2154000000000007
-2.3985999999999983 -0.9687999999999999
-1.27325 -2.1743999999999986
# 4 17
-0.902099999999999 -3.625
2.2482040000000003 -2.923700000000002
2.6008700000000005 -2.566799999999999
3.29392 -1.5596999999999994
3.66026 -0.9375999999999998
3.6839999999999993 -0.8213100000000004
3.6275999999999975 0.7199500000000008
3.5867000000000004 0.8164699999999989
1.8375400000000002 2.5901999999999994
-1.0982999999999983 3.1743000000000006
-2.668800000000001 2.4179999999999993
-3.385200000000001 1.4955999999999996
-3.6523000000000003 0.9678000000000004
-3.6729999999999983 0.6354999999999986
-3.5168999999999997 -0.2386000000000017
-3.1869999999999976 -1.1801000000000013
-0.9281600000000001 -3.604700000000001
# 5 15
-3.7590000000000003 -1.3308
-1.1333599999999997 -4.5243
2.76046 -3.5908999999999995
3.097600000000001 -3.279
4.113869999999999 -1.9593000000000025
4.5695 -1.0068099999999998
4.486699999999999 0.9137699999999995
2.10996 2.8855000000000004
1.46399 3.205099999999998
-1.2293999999999983 3.64522
-3.3047000000000004 3.0015
-4.160399999999999 1.8438300000000005
-4.467400000000001 1.2207000000000008
-4.5085999999999995 0.8094999999999999
-4.3682 -0.05250000000000021
# 6 18
-5.321699999999998 1.0297
-5.194700000000001 0.18909999999999982
-4.149900000000001 -1.5183999999999997
-1.3785599999999985 -5.4495000000000005
3.18478 -4.1823999999999995
3.537420000000001 -3.9597999999999978
3.7497999999999996 -3.7225
4.947569999999999 -2.3450000000000024
5.37655 -1.3931000000000004
5.420999999999998 -1.2229500000000009
5.206499999999998 1.0422700000000003
5.174900000000001 1.1218000000000004
2.03628 3.8101999999999983
1.56602 3.9495000000000005
-2.6445000000000007 3.7578999999999994
-3.8690999999999995 3.5473999999999997
-4.873100000000001 2.205
-5.272000000000002 1.41005
# 7 13
-6.135200000000001 0.9210000000000012
-5.872499999999999 0.4571999999999985
-1.6024599999999989 -6.3004999999999995
4.18962 -4.403299999999998
5.7135299999999996 -2.7661000000000016
6.22567 -1.5307999999999993
6.237399999999997 -1.3939500000000002
6.17187 -0.7544000000000004
5.8947 1.250300000000001
2.13831 4.554600000000001
-4.4237 4.1258
-6.052500000000002 1.5986399999999996
-6.132399999999999 1.1132999999999988
# 8 12
-6.994699999999998 1.0648999999999997
-1.8449599999999986 -7.054600000000001
4.540299999999999 -4.945
6.495019999999999 -3.1758000000000024
7.001163 -1.6807000000000016
7.009399999999998 -1.5988500000000005
7.016909999999999 -0.9431000000000012
6.337799999999998 1.4172700000000003
2.18756 5.058900000000001
-3.431700000000001 4.688299999999998
-4.813099999999999 4.5816
-6.715499999999999 1.9058899999999994
# 9 11
-7.7606 1.1806
-2.042259999999999 -7.670300000000001
4.1134900000000005 -5.701899999999998
7.30085 -3.5644000000000027
7.749499999999999 -1.7021700000000006
7.86119 -1.113900000000001
6.6960000000000015 1.4732699999999994
2.45998 5.354200000000002
-3.792020000000001 5.099399999999999
-5.161899999999999 4.891800000000002
-7.578800000000001 2.1180899999999996
