# 1 29
-0.9168000000000021 0.13799999999999812
-0.9211000000000009 -0.08329999999999771
-0.9087000000000014 -0.17889999999999873
-0.8788 -0.3028000000000013
-0.7780999999999985 -0.5161000000000016
-0.4513999999999996 -0.7893000000000008
-0.26929999999999765 -0.8469999999999978
-0.010300000000000864 -0.8914999999999971
0.28439999999999976 -0.9009999999999998
0.4482999999999997 -0.7989999999999995
0.5812500000000007 -0.7115000000000009
0.6279200000000003 -0.6658000000000008
0.7974299999999994 -0.41449999999999676
0.9296000000000006 -0.19369999999999976
0.9341400000000006 -0.000700000000000145
0.8691999999999993 0.3608000000000011
0.8033400000000004 0.4913999999999987
0.7919809999999999 0.5094999999999992
0.6488999999999976 0.6490000000000009
0.5477000000000025 0.7428999999999988
0.37579999999999814 0.8377999999999979
0.11598000000000042 0.8584999999999994
-0.0033999999999991815 0.8669999999999973
-0.1615000000000002 0.8773000000000017
-0.5612999999999957 0.7178000000000004
-0.5691000000000059 0.7129000000000012
-0.7202000000000002 0.5517000000000003
-0.7431999999999999 0.5142999999999986
-0.8275999999999968 0.34939999999999927
# 2 24
-1.8059000000000012 0.2850999999999999
-1.767100000000001 -0.4482999999999997
-1.7292999999999985 -0.5701999999999998
-1.5187999999999988 -1.0467000000000013
-0.9328000000000003 -1.5355999999999987
-0.4540000000000006 -1.6535999999999973
-0.053000000000000824 -1.7349999999999994
0.23529999999999873 -1.7596999999999987
0.5400999999999989 -1.750399999999999
0.6141000000000005 -1.7211999999999996
0.9123999999999999 -1.5782000000000025
1.22509 -1.3072000000000017
1.3886100000000001 -1.1044000000000018
1.8167000000000009 -0.40160000000000196
1.84462 0.10250000000000092
1.5839900000000005 0.9967000000000006
1.040700000000001 1.4941999999999993
0.5417000000000023 1.6507000000000005
-0.16489999999999938 1.744299999999999
-0.23029999999999973 1.7332
-1.032199999999996 1.3935999999999993
-1.0400000000000063 1.3887
-1.4634 1.065999999999999
-1.6146999999999991 0.740199999999998
# 3 22
-2.6263000000000005 0.3880000000000017
-2.638 -0.7490999999999985
-2.1319 -1.4634
-1.2014699999999996 -2.223600000000001
-0.5859999999999985 -2.4521999999999977
-0.2392000000000003 -2.5411
0.7823999999999991 -2.6171000000000006
1.2795000000000005 -2.4072999999999993
1.80988 -1.9189000000000007
2.04226 -1.6449999999999996
2.05333 -1.6310000000000002
2.6507000000000005 -0.6121000000000016
2.74556 0.03850000000000087
2.7347699999999993 0.08500000000000085
2.3147 1.4747000000000021
2.26249 1.5398999999999994
1.5675999999999988 2.1994000000000007
0.8185000000000002 2.4558
-0.2336999999999989 2.6001999999999974
-1.601300000000002 2.1065000000000005
-2.1159 1.506499999999999
-2.3680999999999983 1.0627999999999993
# 4 21
-3.4862 0.48019999999999996
-3.4963999999999995 -1.0184999999999995
-2.827499999999999 -1.8705999999999996
-1.6269900000000002 -2.9044000000000008
0.23130000000000095 -3.344999999999999
1.0305999999999997 -3.4396999999999984
1.1120999999999999 -3.4373000000000005
1.5942000000000007 -3.215
2.37541 -2.5593000000000004
2.70698 -2.171599999999998
3.307659 -1.1502000000000017
3.516000000000002 -0.7859000000000016
3.66891 0.08430000000000071
2.9932 2.017900000000001
2.9778300000000004 2.0419
2.87778 2.133300000000002
2.0824 2.8575000000000017
1.1089999999999982 3.2622
-0.28859999999999886 3.392699999999998
-2.113500000000002 2.6605000000000025
-2.44702 2.395500000000002
# 5 20
4.56709 0.1479999999999997
3.6811200000000004 2.6247000000000007
2.5177000000000014 3.5275
1.3928000000000011 4.0854
-0.040099999999998914 4.130700000000001
-0.2627999999999986 4.136699999999998
-2.5245999999999995 3.1408000000000023
-2.8627199999999995 2.844100000000001
-4.344999999999999 0.6109000000000009
-4.309800000000001 -1.3164000000000016
-3.4656000000000002 -2.3423
-1.970909999999999 -3.428300000000002
-1.8238000000000003 -3.4941000000000013
-0.43949000000000016 -3.834600000000002
0.9143000000000008 -4.142800000000001
1.2865000000000002 -4.193300000000001
1.9331500000000013 -3.983900000000002
2.93403 -3.1607999999999983
4.066509 -1.5483000000000011
4.293600000000001 -1.0472000000000001
# 6 16
-3.2575499999999993 3.1930000000000014
-5.179599999999997 0.7180999999999997
-5.059200000000001 -1.498899999999999
-3.9491999999999994 -2.7171000000000003
-2.2874999999999996 -3.919900000000002
1.0523999999999987 -4.9558
2.2492 -4.768700000000003
2.3343500000000006 -4.7452000000000005
3.52077 -3.6921
4.790939 -1.8945000000000007
5.100200000000001 -1.2066000000000017
5.417100000000001 0.03569999999999851
4.41183 3.1027000000000022
2.8395999999999972 4.215200000000003
1.6159000000000034 4.860099999999999
-0.014299999999998647 4.874700000000001
# 7 20
-3.7339000000000055 3.4163000000000032
-5.971899999999998 0.8614999999999995
-5.801099999999998 -0.6328999999999994
-5.6472000000000016 -1.621500000000001
-4.145299999999999 -2.8542000000000005
-2.3048 -4.248799999999999
-1.8661999999999992 -4.5747
1.2544000000000004 -5.7273
2.649050000000001 -5.552900000000001
4.1552999999999995 -4.087800000000001
5.553889 -2.1923999999999992
5.925900000000002 -1.4876000000000005
6.217950000000001 0.047699999999998965
5.141455 3.474599999999999
5.0442599999999995 3.6252000000000013
4.99775 3.6555
3.166599999999999 4.811
1.847100000000001 5.6082
0.16960000000000086 5.348200000000002
-3.325899999999997 3.6258000000000017
# 8 17
-4.145000000000003 3.896600000000003
-6.819599999999998 1.0634000000000015
-6.5869 -0.7204999999999977
-5.907700000000002 -1.6904000000000003
-2.8094 -4.853899999999999
-0.36270000000000024 -5.813599999999997
1.1184000000000012 -6.3538
3.0277200000000004 -6.2962000000000025
4.75958 -4.467500000000001
6.203469 -2.4909999999999997
6.703500000000002 -1.748899999999999
6.713699999999999 -1.6996000000000002
6.882110000000001 0.04279999999999973
5.856795 3.9765999999999995
5.728459999999999 4.1335000000000015
2.0832000000000015 6.3186
0.15060000000000073 5.6297999999999995
# 9 17
6.560085 4.5594
2.3414 6.8901
0.6486999999999981 6.438300000000002
-4.513500000000004 3.9318000000000026
-4.555800000000001 3.8949999999999996
-7.596499999999995 1.1705000000000005
-7.23 -0.9832000000000001
-7.0623999999999985 -1.2467000000000006
-2.9411999999999985 -5.435299999999998
-0.22589999999999932 -6.708499999999997
1.3155999999999999 -6.921199999999999
3.3123400000000007 -6.851800000000001
3.4878 -6.824099999999998
5.394819999999999 -4.769400000000001
7.491299999999999 -1.9608999999999988
7.465600000000002 -1.7483000000000004
6.62323 4.353999999999999
