# 1 27
-0.6865700000000001 0.7523999999999997
-0.9892000000000003 0.28791999999999973
-1.0099000000000018 0.2197
-1.0153999999999996 0.1500300000000001
-1.0281999999999982 -0.11509999999999998
-1.0152999999999999 -0.22250000000000014
-0.7271000000000001 -0.6319799999999998
-0.5841000000000012 -0.7806599999999992
-0.4678800000000001 -0.8478500000000002
-0.34292100000000003 -0.90743
-0.17413499999999993 -0.9530099999999999
0.035660000000000025 -0.9875999999999987
0.17483000000000004 -0.9914100000000001
0.2879500000000004 -0.983322
0.47660000000000036 -0.8960999999999999
0.6539000000000001 -0.7896800000000006
0.8595500000000005 -0.5617699999999999
0.9900400000000005 -0.2753999999999994
0.9986100000000002 -0.24233999999999867
1.0149000000000008 -0.06296999999999997
1.0170700000000004 0.06559999999999988
1.0115000000000016 0.12051999999999996
0.896203 0.536999999999999
0.2742299999999993 0.9471468
0.019519999999999982 0.98082728
-0.10938999999999988 0.9845300000000003
-0.6139490000000001 0.7820499999999999
# 2 23
-1.3397299999999999 1.4635399999999992
-1.9109999999999996 0.5022900000000003
-1.9727999999999994 0.32509999999999994
-2.007999999999999 0.09469999999999956
-2.043499999999998 -0.3376000000000001
-1.9736000000000011 -0.4809000000000001
-1.4594200000000002 -1.2366399999999997
-1.157300000000001 -1.5088600000000003
-0.640029 -1.7599700000000003
-0.267072 -1.86097
0.4663199999999996 -1.942868
0.9737800000000005 -1.7795400000000001
1.2745000000000015 -1.507390000000001
1.7042099999999998 -1.10075
1.99404 -0.4734299999999987
2.0016999999999996 -0.05630000000000024
1.99749 0.1279499999999998
1.8628600000000004 0.6770700000000005
1.7248580000000002 1.0732
0.5016299999999996 1.8467808
0.04795999999999978 1.96005428
-0.24879000000000007 1.8732000000000006
-1.2671089999999998 1.4931899999999994
# 3 26
0.10496000000000016 2.8813742799999997
-1.953679 2.245589999999999
-2.7976100000000006 0.747262
-2.8272999999999975 0.6919900000000001
-2.8380600000000005 0.6700999999999997
-2.901500000000002 0.5222799999999999
-2.930799999999998 0.44348999999999994
-2.9635 0.14690000000000047
-3.005700000000001 -0.40220000000000056
-3.0082999999999984 -0.438600000000001
-3.0017999999999994 -0.5960000000000001
-2.10726 -1.8753399999999998
-1.7905000000000015 -2.153740000000001
-1.4886399999999993 -2.3273599999999997
-0.927793 -2.588133
-0.313968 -2.72515
0.7164199999999994 -2.848808
1.48698 -2.56041
2.5319899999999995 -1.62301
2.92378 -0.6305899999999998
3.0035999999999987 -0.11240000000000094
2.999200000000002 0.21245999999999965
2.7125 1.0670600000000006
2.503518 1.5769000000000002
1.8141100000000003 2.0668100000000003
0.7079699999999995 2.7727708
# 4 26
-1.344072 -3.3926939999999997
0.9825699999999999 -3.772588
1.0767200000000008 -3.739272
1.8462500000000004 -3.393733
1.9561099999999998 -3.34285
2.97538 -2.4965200000000003
3.3049600000000003 -2.1364400000000003
3.485599999999998 -1.6581099999999998
3.747490000000001 -0.9494999999999987
3.9246 -0.12360000000000149
3.9682999999999993 0.21580999999999984
3.9480000000000004 0.2929299999999999
3.59091 1.35832
3.2627699999999997 2.0464800000000007
2.4562700000000004 2.6702280000000003
0.8879799999999998 3.4843908
0.12446000000000002 3.72019428
-2.330297 3.0136899999999995
-2.594219 2.8775299999999993
-3.916900000000002 0.67231
-3.9551999999999996 0.24239999999999995
-4.021000000000001 -0.6247000000000007
-3.9588 -0.7904
-2.7769000000000004 -2.400463
-2.689139 -2.46551
-1.9897600000000004 -2.9817099999999996
# 5 20
0.15282000000000018 4.35244428
-2.970837 3.6456299999999997
-4.61162 1.21569
-4.8749 0.7907
-4.9209 0.3161000000000005
-4.979300000000002 -0.8831000000000007
-3.369719 -3.0453800000000006
-1.6411799999999999 -4.245234
1.25509 -4.698818
2.36709 -4.205401
3.7119299999999997 -3.0789100000000005
4.02147 -2.65008
4.413699999999999 -1.7983790000000002
4.677020000000001 -1.172600000000001
4.858089999999999 -0.21030000000000015
4.917099999999998 0.2962800000000001
4.460071999999999 1.6383400000000004
3.98512 2.5171799999999998
3.933500000000002 2.5511600000000003
2.9071700000000003 3.142061
# 6 24
-5.936300000000003 -1.0775000000000006
-4.039359 -3.5705030000000004
-1.882345 -4.941074
1.5055300000000003 -5.583410000000001
1.5889099999999994 -5.587488
1.6986800000000004 -5.551272
2.8376400000000004 -5.03422
4.427529 -3.6096700000000004
4.81148 -3.1629699999999996
5.2729 -2.153514
5.59159 -1.4002
5.79917 -0.3309000000000015
5.856699999999998 0.31398000000000015
5.8508 0.35234999999999994
5.43652 1.6893000000000011
5.286829 1.9628500000000004
4.675500000000003 3.0171599999999996
4.4526 3.17507
0.17215000000000025 4.648206
-3.191688 4.36079
-3.423977 4.13774
-5.6083 1.3486600000000002
-5.808900000000001 0.99156
-5.8679999999999986 0.5151000000000003
# 7 19
-6.8602000000000025 -1.3073000000000015
-4.538989 -4.0058430000000005
-4.389899999999999 -4.088368
-1.954925 -5.22144
1.8770499999999997 -6.5108179999999996
3.35084 -5.81509
5.1622 -4.16197
5.566949999999999 -3.6458499999999994
6.120699999999999 -2.541509
6.1739 -2.4090670000000003
6.59663 -1.2084000000000001
6.810700000000001 0.49065999999999965
6.288020000000001 2.0365600000000015
5.194600000000001 3.641069999999999
0.06577999999999973 5.446369999999999
-3.644828 4.8529
-6.5214 1.6534900000000001
-6.7681000000000004 1.1977
-6.796199999999999 0.5968999999999998
# 8 20
5.785399999999999 3.9905799999999996
0.11793999999999993 6.09677
-3.716682 5.06621
-7.426199999999998 1.9162600000000003
-7.727400000000001 1.32623
-7.75896 0.9862000000000002
-7.8109 -1.2993000000000006
-7.7973 -1.452300000000001
-4.754523 -4.189053
-4.544699999999999 -4.322527999999999
-2.107255 -5.69202
2.12749 -7.39541
3.79798 -6.54779
5.89942 -4.81492
6.30685 -4.12411
6.979900000000001 -2.896644
7.504129999999999 -1.4370599999999998
7.759499999999999 0.5711299999999999
7.1226 2.2496600000000004
6.94463 2.5850800000000005
# 9 19
-2.212116 -5.95388
2.35862 -8.21564
3.94029 -7.30003
6.63597 -5.39731
7.907 -3.111
8.43403 -1.5958699999999997
8.674600000000002 0.6818399999999998
7.665279999999999 2.7821100000000003
5.9557 4.210439999999999
0.8218800000000002 6.63995
-3.737953 5.13577
-8.286200000000001 2.18282
-8.3337 2.11672
-8.55111 1.752872
-8.655000000000001 1.52789
-8.68716 1.0679999999999996
-8.769200000000001 -1.5577000000000005
-8.7543 -1.646700000000001
-4.827985 -4.251863
