# 1 19
0.9238999999999997 0.12650000000000006
0.49269999999999925 0.7080000000000002
-0.12392000000000003 0.8608999999999973
-0.38180000000000014 0.8773000000000017
-0.5422600000000002 0.8100999999999985
-0.7636699999999994 0.5888000000000027
-0.9421999999999997 0.09769999999999968
-0.9712200000000006 0.012399999999999523
-0.92900659 -0.24399999999999977
-0.8576999999999995 -0.4693000000000005
-0.7705999999999982 -0.5404
-0.33759999999999835 -0.8330700000000002
0.10559999999999903 -0.8665599999999998
0.30437000000000003 -0.8265999999999991
0.47809999999999775 -0.6911999999999985
0.70563 -0.5023999999999997
0.8052600000000001 -0.3271999999999995
0.9085799999999997 -0.11120000000000019
0.9143300000000005 -0.08039999999999914
# 2 22
-1.8023999999999987 0.3946000000000005
-1.8900799999999993 0.0030999999999998806
-1.8824199999999998 -0.06530000000000058
-1.78804 -0.49740000000000073
-1.6582999999999988 -0.939700000000002
-1.522400000000001 -1.0801999999999996
-1.062199999999999 -1.3508000000000013
-0.6879999999999988 -1.5702800000000003
0.1534000000000013 -1.6567499999999997
0.56561 -1.5841999999999992
0.81311 -1.41331
1.3441990000000001 -0.9840999999999998
1.554648 -0.6917599999999995
1.8229100000000003 -0.19159999999999933
1.8188000000000013 0.2311999999999994
0.9501999999999988 1.3975000000000009
-0.1757099999999996 1.6868999999999978
-0.7412600000000005 1.7026000000000003
-1.0062500000000005 1.5745000000000005
-1.1095300000000003 1.4952999999999985
-1.3171999999999997 1.310100000000002
-1.4939299999999998 1.127600000000001
# 3 23
1.2475999999999985 1.9352999999999998
-0.4005099999999997 2.4940999999999995
-1.13563 2.4022000000000006
-1.4350300000000002 2.3260000000000005
-1.6051000000000002 2.2482999999999986
-1.9527099999999997 1.9490000000000016
-2.1684 1.7100000000000009
-2.19086 1.6715000000000018
-2.6377999999999986 0.6935000000000002
-2.7642999999999986 0.2090999999999994
-2.8012799999999984 -0.07460000000000022
-2.704834 -0.6554000000000002
-2.410219999999999 -1.3719999999999999
-2.234099999999998 -1.5808999999999997
-2.176400000000001 -1.612400000000001
-1.5111999999999988 -1.9463000000000008
0.3282999999999987 -2.44613
0.76633 -2.3689
1.8043719999999999 -1.6259000000000001
2.237841 -1.0423299999999998
2.7170199999999998 -0.2568999999999999
2.6956000000000007 0.33419999999999916
2.0024999999999977 1.1147599999999998
# 4 22
-2.9331999999999994 -2.1502
0.4893900000000002 -3.13955
1.0078299999999998 -3.1219
1.54747 -2.76938
2.306342 -2.19518
2.873284 -1.39234
3.5528000000000004 -0.3570000000000011
3.5411 0.42189999999999905
3.1472999999999995 0.8918200000000001
3.0956600000000005 0.9501300000000001
1.3068000000000008 2.306799999999999
-0.46928000000000036 3.1584000000000003
-1.59358 3.10848
-1.9306 3.0790000000000006
-2.14874 2.9441999999999986
-2.7299599999999993 2.467399999999998
-2.8636099999999995 2.316600000000001
-3.4533999999999985 1.0396999999999998
-3.6480099999999993 0.11110000000000042
-3.68398 -0.0926000000000009
-3.593984 -0.8449000000000009
-3.1238399999999995 -1.7897999999999996
# 5 24
0.5740400000000001 -3.88025
1.20932 -3.8964999999999996
1.8982199999999998 -3.46654
2.795192 -2.6708000000000003
3.54322 -1.7023099999999998
4.39196 -0.47719999999999985
4.4078 0.4588000000000001
3.913500000000001 1.1301900000000002
3.89246 1.15542
2.156214 2.4582999999999995
1.594100000000001 2.8477999999999994
0.7346000000000004 3.2451000000000008
-2.0379899999999997 3.9013600000000004
-2.47234 3.8013999999999992
-3.3281899999999993 3.1158
-3.53808 2.899000000000001
-4.268999999999998 1.3277999999999999
-4.480899999999998 0.5091000000000001
-4.5421 0.23670000000000258
-4.436114 -1.0336999999999996
-4.42354 -1.1004000000000005
-3.6736000000000004 -2.6082
-3.6348999999999982 -2.644
-3.5871999999999993 -2.6824000000000012
# 6 21
-5.43614 0.26200000000000045
-5.26567 -1.2891999999999992
-4.4022999999999985 -3.1019999999999985
-4.3276 -3.1404000000000014
-4.252299999999998 -3.173
0.6238500000000002 -4.54668
1.451733 -4.557699999999999
2.21774 -4.183960000000001
3.340192 -3.11765
5.20828 -0.5797999999999988
5.2248 -0.5234000000000005
5.253299999999999 0.5465
4.7103 1.33548
2.599954 2.9659999999999993
1.8808000000000007 3.4221000000000004
0.8882000000000012 3.8778000000000006
-2.5038800000000005 4.6830300000000005
-3.0401300000000004 4.574299999999999
-4.207319999999999 3.4861000000000004
-5.110800000000001 1.4995000000000012
-5.353400000000001 0.715600000000002
# 7 23
0.9363699999999999 -5.1471100000000005
2.5048749999999997 -4.86506
3.838892 -3.6087900000000004
6.06396 -0.6435999999999993
6.0527 0.6239000000000008
6.011399999999998 0.7259999999999991
5.46189 1.49173
3.044324 3.4261
2.1487999999999996 3.980999999999998
1.0578000000000003 4.510200000000001
-2.8432400000000007 5.43156
-3.5837700000000003 5.270199999999999
-4.3640300000000005 4.497199999999999
-4.86368 4.001299999999999
-5.009600000000001 3.7992000000000026
-5.910400000000003 1.7249000000000017
-6.2014 0.8321000000000005
-6.30239 0.3602000000000025
-6.045640000000001 -1.4906000000000006
-5.910253 -1.8840999999999983
-5.143899999999999 -3.538500000000001
-5.020399999999999 -3.6167000000000016
-4.992699999999999 -3.6310000000000002
# 8 20
-5.54202 4.558999999999999
-5.7226 4.290200000000002
-6.708400000000001 1.7651000000000003
-7.18122 0.44700000000000273
-6.755789999999999 -2.0610999999999997
-5.822800000000001 -3.99
-5.6854999999999976 -4.1073
-5.674599999999998 -4.1128
0.9090899999999997 -5.53625
2.734928 -5.38063
4.305922 -4.0902899999999995
6.86268 -0.7349999999999994
6.88533 -0.4612999999999996
6.810799999999999 0.8033999999999999
6.22654 1.66265
3.424224 3.9346999999999994
2.4039 4.529299999999999
1.2100000000000009 5.139700000000001
-3.25406 6.08002
-4.069710000000001 5.9923
# 9 19
-6.416869999999999 4.7897
-8.06146 0.5253000000000014
-7.5827599999999995 -2.2811999999999983
-6.339699999999997 -4.603399999999999
1.01923 -5.745089999999999
3.015718 -5.82693
4.808472 -4.4946
4.8829899999999995 -4.42409
5.27976 -3.94423
7.68405 -0.5526999999999997
7.71711 -0.2810000000000006
7.483189999999999 0.8487999999999989
6.93774 1.79843
3.875173 4.3847000000000005
2.671800000000001 5.122099999999998
1.3481999999999985 5.7164
-3.5470700000000006 6.609170000000001
-4.5408100000000005 6.693899999999999
-6.222338 5.0974
