# 1 24
-0.9087900000000007 0.35749999999999993
-0.9579099999999996 0.05850000000000044
-0.9525600000000001 -0.030900000000000816
-0.9275000000000002 -0.16430000000000078
-0.8771000000000004 -0.3182999999999989
-0.8574999999999999 -0.35800000000000054
-0.667045 -0.6586999999999996
-0.5557529999999999 -0.7575000000000003
-0.4356799999999996 -0.834500000000002
-0.26936999999999944 -0.8917999999999999
0.012179999999999858 -0.9047000000000018
0.4504999999999999 -0.7865000000000002
0.47209000000000145 -0.7792999999999992
0.5337100000000001 -0.7186999999999983
0.8941600000000012 -0.2254000000000005
0.8112999999999992 0.3249999999999993
0.7271200000000002 0.5047999999999995
0.5809499999999996 0.6512500000000001
0.3841999999999999 0.7698
0.10760000000000147 0.8674999999999997
-0.061819999999999986 0.9023000000000003
-0.23530000000000229 0.8795000000000002
-0.5336099999999995 0.8167000000000009
-0.7470999999999997 0.6268099999999999
# 2 23
-1.7885000000000009 0.6867000000000001
-1.8704899999999998 0.15479999999999983
-1.8375000000000004 -0.27360000000000184
-1.7346000000000004 -0.6762999999999995
-1.3201610000000001 -1.2369999999999983
-1.0606900000000001 -1.5383000000000013
-0.8402799999999999 -1.6296999999999997
-0.5343299999999997 -1.7421000000000006
0.5197299999999991 -1.6671000000000014
0.9225900000000014 -1.5657999999999994
1.0080100000000005 -1.4717999999999982
1.478117 -0.8065999999999995
1.7532200000000007 -0.33840000000000003
1.6052 0.6171000000000006
1.4429100000000004 0.9506000000000014
1.1684700000000001 1.26661
0.42128999999999994 1.554499999999999
0.20730000000000004 1.6319999999999997
-0.08140999999999998 1.6951999999999998
-0.4403000000000006 1.7152999999999992
-1.0368700000000004 1.5790000000000006
-1.424400000000002 1.2519400000000003
-1.506999999999998 1.1332099999999992
# 3 21
-2.73946 0.27749999999999986
-2.7125000000000004 -0.41020000000000323
-2.5900999999999996 -0.9877000000000002
-1.9560750000000002 -1.8440000000000012
-1.636173 -2.188600000000001
-1.484 -2.3034
-1.2450099999999988 -2.416499999999999
-0.78878 -2.5744000000000007
0.8245000000000005 -2.472100000000001
1.3372400000000013 -2.328900000000001
2.1965779999999997 -1.189499999999999
2.629620000000001 -0.5252999999999979
2.4270700000000005 0.26932000000000045
2.08422 1.4147999999999996
1.6753800000000005 1.8804600000000011
1.0419000000000018 2.111799999999999
-0.04860000000000042 2.427199999999999
-0.6323000000000008 2.4436999999999998
-1.5090500000000002 2.288800000000002
-2.1209000000000024 1.8923899999999998
-2.6965600000000007 1.0071000000000012
# 4 20
-3.61831 0.3484999999999996
-3.5959000000000003 -0.5661000000000023
-3.4372000000000007 -1.2681000000000004
-2.560705 -2.4024
-2.1621129999999997 -2.846
-1.6479099999999995 -3.1952
-1.0414700000000003 -3.3888
1.0112900000000007 -3.1494999999999997
1.71115 -2.9709000000000003
2.44083 -2.1991999999999994
3.46584 -0.7350999999999992
3.4637200000000004 -0.6631
3.21331 0.3435000000000006
2.69803 1.7965000000000018
2.13343 2.4762000000000004
1.3491999999999997 2.809799999999999
-0.07511000000000045 3.0336999999999996
-1.89288 2.9918000000000013
-2.8575000000000017 2.451760000000001
-3.5545100000000005 1.3107000000000006
# 5 21
-4.489865 0.4385999999999992
-4.460099999999999 -0.6122000000000014
-4.2879000000000005 -1.5077999999999996
-2.627453 -3.479300000000002
-2.4286600000000003 -3.6311
-2.031609999999999 -3.886800000000001
-1.1304300000000005 -4.116599999999998
1.4849599999999992 -3.7719000000000005
2.21418 -3.3750999999999998
2.9966100000000004 -2.7692999999999994
4.28026 -0.9284999999999997
4.299939999999999 -0.8729000000000013
3.97638 0.4171800000000001
3.1248400000000007 2.5417999999999985
2.58015 3.0318699999999996
1.6740999999999993 3.4680999999999997
-2.0820600000000002 3.6934000000000005
-2.4519 3.5471000000000004
-3.1006 3.2696000000000005
-3.6174 2.9581600000000003
-4.4092400000000005 1.5762999999999998
# 6 25
-1.1517400000000002 -4.657299999999999
1.728819999999999 -4.582000000000001
3.53855 -3.3394999999999992
3.5992500000000005 -3.270299999999999
5.076510000000001 -1.1281999999999996
5.11436 -1.0663000000000018
4.75375 0.5230000000000006
3.75643 3.0163999999999973
3.506500000000001 3.2479000000000013
3.458500000000001 3.2851
3.0638 3.55002
1.9543 4.158899999999999
-2.07728 4.368600000000001
-2.8924000000000003 4.142000000000003
-3.643699999999999 3.9017999999999997
-3.753400000000001 3.8370000000000015
-4.1645 3.5371500000000005
-4.250799999999998 3.4066599999999996
-5.197520000000001 1.8806000000000012
-5.309700000000001 1.2603999999999989
-5.3935796 0.5655000000000001
-5.3253 -0.8450000000000024
-5.1243 -1.7166999999999994
-2.88946 -4.314
-1.7911099999999998 -4.535900000000002
# 7 20
-2.1667200000000006 5.0562000000000005
-4.4079000000000015 4.454000000000001
-4.7833000000000006 4.04356
-5.08741 3.6743999999999986
-5.961022000000001 2.1708
-6.1469000000000005 1.5422199999999995
-6.273474 0.6449999999999996
-6.19814 -0.9242000000000026
-5.918000000000001 -1.9590999999999994
-5.89541 -1.9886
-3.3488100000000003 -4.9634
0.04129999999999967 -5.21261
2.041549999999999 -5.3468
4.14119 -3.8404999999999987
5.91061 -1.2660000000000018
5.49165 0.48910000000000053
4.345330000000001 3.5060000000000002
4.043800000000001 3.8247
3.55946 4.129720000000001
2.258700000000001 4.800699999999999
# 8 20
4.62281 -4.3536
6.53508 -1.473200000000002
6.1964500000000005 0.41569000000000056
4.942530000000001 3.9726
4.6242 4.3035
4.09891 4.700520000000001
2.4857000000000014 5.402699999999999
-2.44592 5.600100000000001
-4.9510000000000005 5.0862
-5.85753 4.157799999999998
-6.639522 2.5854999999999997
-6.947400000000002 1.9103399999999997
-6.9914000000000005 1.7556900000000004
-7.03723 0.7209000000000003
-7.062339999999999 -0.9703000000000017
-6.7295 -2.1297999999999995
-6.689110000000001 -2.231
-3.78229 -5.548500000000001
0.05979999999999919 -5.8943
2.313559999999999 -5.986640000000001
# 9 20
-4.07221 -5.953100000000001
0.09580000000000055 -6.61019
2.5369699999999993 -6.63208
5.11589 -4.864599999999999
7.0696699999999995 -1.6772000000000027
6.77816 0.5844399999999998
5.53923 4.4116
5.2684000000000015 4.750399999999999
4.62479 5.25492
2.9084849999999998 5.670300000000001
2.346799999999998 5.7806999999999995
-2.4652699999999994 5.8748000000000005
-5.5945 5.5937
-6.55413 4.609200000000001
-7.628299999999999 2.54491
-7.813200000000002 2.14623
-7.836500000000001 2.0944699999999994
-7.904869999999999 -1.0617000000000019
-7.557 -2.283899999999999
-7.50061 -2.4017
