# 1 19
0.04279999999999973 -1.0582999999999991
0.677500000000002 -0.8416999999999994
0.7464000000000013 -0.7704000000000022
0.928799999999999 -0.20220000000000127
0.9212000000000007 -0.014099999999999113
0.9063000000000017 0.32530000000000214
0.8856000000000002 0.35279999999999845
0.5938999999999979 0.7280000000000015
-0.013700000000000045 0.9593999999999987
-0.34330000000000105 0.9376999999999995
-0.5671999999999997 0.8573000000000022
-0.6831999999999994 0.8117000000000019
-0.9963000000000015 0.39679999999999893
-1.0836000000000006 0.2579000000000029
-1.08322 -0.07810000000000095
-1.0655000000000001 -0.2085600000000003
-0.99064 -0.4881999999999991
-0.8350000000000009 -0.6509
-0.4946999999999999 -0.9058700000000002
# 2 22
1.802699999999998 -0.3548000000000009
1.7919000000000018 0.6781000000000006
1.117600000000003 1.4289000000000023
0.6981000000000002 1.6042999999999985
0.052199999999999136 1.8709999999999987
-0.005199999999998539 1.8824999999999967
-0.6630000000000003 1.8514000000000017
-1.1295000000000002 1.714500000000001
-1.293800000000001 1.6334000000000017
-1.8806000000000012 0.8287000000000049
-2.0828999999999986 0.5439000000000007
-2.100000000000005 0.48980000000000246
-2.1035000000000004 -0.14590000000000103
-2.0976 -0.39254999999999995
-1.9780999999999977 -0.7876000000000012
-1.9327799999999993 -0.9242999999999988
-1.8959100000000007 -1.0306999999999995
-1.6195000000000004 -1.2893000000000008
-0.8697999999999997 -1.7639000000000005
0.1272999999999982 -2.0348000000000006
1.3374999999999986 -1.6313999999999993
1.4063999999999979 -1.560100000000002
# 3 20
0.22100000000000009 -2.998100000000001
2.0839 -2.4018000000000015
2.5839 -0.5226000000000006
2.6311999999999998 -0.1603999999999992
2.6667000000000023 1.0006999999999984
1.6242000000000019 2.0038
1.0221999999999998 2.3523999999999994
0.06070000000000064 2.7940999999999967
-0.9660000000000011 2.752200000000002
-1.7622999999999998 2.5178000000000047
-1.9284999999999997 2.452900000000003
-3.1660000000000004 0.7194000000000003
-3.0901999999999994 -0.6233599999999999
-2.953599999999998 -1.1369000000000007
-2.83805 -1.4667999999999992
-2.4105000000000008 -1.8859999999999992
-2.2452000000000005 -2.0090000000000003
-1.2447999999999997 -2.5849900000000003
-0.7303999999999995 -2.7520999999999987
0.1612000000000009 -2.9933999999999976
# 4 19
0.24569999999999936 -3.969899999999999
2.762999999999998 -3.1493
2.8530999999999977 -2.878700000000002
3.3377 -0.3009999999999984
3.4673000000000016 1.3076000000000008
1.3107000000000006 2.929199999999998
0.13589999999999947 3.607099999999999
-1.2616000000000014 3.6674000000000007
-2.3856 3.2998000000000047
-2.576599999999999 3.2117000000000004
-4.1652999999999984 1.005399999999998
-4.177200000000003 0.8847000000000023
-4.081099999999999 -0.9070799999999997
-3.912099999999999 -1.4396999999999984
-3.7632299999999996 -1.8976000000000006
-3.7414700000000005 -1.9437999999999995
-3.2594700000000003 -2.4189000000000007
-2.8735999999999997 -2.7013999999999996
-1.5857200000000002 -3.384340000000001
# 5 19
-5.215399999999999 1.0387000000000022
-5.101199999999999 -1.0699899999999998
-4.6685 -2.440100000000001
-3.6190999999999995 -3.365099999999998
-1.94843 -4.0973
0.2994999999999983 -4.922499999999999
3.4179999999999993 -3.848399999999998
3.475200000000001 -3.7985000000000007
3.5130999999999943 -3.668400000000002
3.958500000000001 -0.7431999999999981
4.0976 1.5889999999999986
2.439 2.909699999999999
1.78036 3.412499999999998
0.12260000000000204 4.163599999999999
-1.5390000000000015 4.5901
-3.0840999999999994 4.067
-3.1998999999999995 3.9937000000000005
-5.1099 1.3014999999999972
-5.176500000000001 1.1707
# 6 16
4.190599999999996 -4.510100000000001
4.6601 -0.8312999999999988
4.581399999999999 1.7718999999999987
2.1398599999999988 4.0731
-1.8172000000000015 5.4772
-3.694700000000001 4.8887
-3.7670999999999992 4.851000000000003
-6.121100000000002 1.4667999999999992
-6.214699999999997 1.3247
-6.218900000000001 1.2198000000000029
-6.104200000000002 -1.2798600000000002
-5.55725 -2.8770999999999987
-4.91728 -3.5782999999999987
-4.3225999999999996 -3.972200000000001
0.33319999999999794 -5.7219000000000015
4.154299999999999 -4.545999999999999
# 7 14
4.869699999999995 -5.2576
5.277199999999997 -1.0241000000000007
4.891099999999998 1.9382999999999981
2.4523599999999988 4.7151
-2.0739 6.375399999999999
-4.3294 5.7082000000000015
-7.159299999999998 1.6207999999999991
-7.2181999999999995 1.5058000000000007
-7.1387 -1.4916
-6.695399999999999 -2.466899999999999
-6.2914200000000005 -3.2119999999999997
-5.696110000000001 -4.114000000000001
-4.8659 -4.508099999999999
0.39729999999999777 -6.345200000000002
# 8 18
-6.442120000000001 -4.727999999999998
0.3957999999999977 -6.812100000000001
5.4071 -5.9344
5.711599999999999 -2.677199999999999
5.798869999999999 -0.013199999999999434
5.79866 -0.0064000000000010715
5.768889999999999 0.2981999999999996
5.68055 1.1548999999999996
5.6589 1.2395999999999994
5.34854 1.8782999999999994
5.252899999999999 2.063699999999999
2.7424599999999995 5.360199999999999
-2.3546000000000014 7.2364
-4.962199999999999 6.511500000000005
-8.1628 1.8018999999999998
-8.178900000000002 1.6755999999999993
-8.127199999999998 -1.6486999999999998
-7.5463000000000005 -2.846799999999998
# 9 18
-7.212350000000001 -5.2895
0.754999999999999 -7.345900000000002
5.889199999999995 -6.477
6.345799999999999 -3.3642000000000003
6.51066 -0.002200000000000202
6.40733 1.294100000000002
6.386812000000001 1.3504999999999985
5.899569999999999 2.2500999999999998
3.047459999999999 5.952399999999997
2.9445499999999996 6.015499999999999
-2.691600000000001 8.075499999999998
-5.519400000000001 7.250300000000003
-5.566800000000001 7.2303
-8.295800000000003 3.218300000000003
-9.123500000000003 1.9716999999999985
-9.116699999999998 -1.7861599999999997
-9.0903 -1.8565000000000005
-8.445500000000001 -3.1357
