# 1 20
-0.6890999999999998 -0.7927400000000002
0.014400000000001967 -1.0105000000000004
0.2981999999999978 -0.9326000000000008
0.5272299999999999 -0.8646999999999991
0.5617500000000002 -0.8538000000000032
0.7840999999999987 -0.6951
0.9718999999999998 -0.41219999999999857
1.0009300000000003 -0.32949999999999946
1.056234 -0.08609999999999829
1.0558500000000002 -0.01740000000000208
1.0509299999999997 0.04790000000000205
0.8594800000000014 0.4488999999999983
0.6038000000000001 0.7848000000000006
0.41510000000000247 0.9619999999999997
0.009599999999998943 0.990599999999997
-0.49569999999999936 0.9649089999999999
-0.6956000000000024 0.8193999999999999
-1.015699999999999 0.39250000000000007
-1.1465999999999998 -0.14059999999999917
-0.8650999999999982 -0.5601000000000003
# 2 23
0.8514000000000053 1.8941999999999997
0.1778999999999975 1.9499999999999993
-0.8663000000000025 1.8886000000000003
-0.9395999999999987 1.8694929999999998
-1.3577000000000012 1.5999999999999996
-1.9681000000000033 0.8330000000000002
-2.0055000000000014 0.7324999999999999
-2.0858000000000008 0.3247
-2.164999999999999 -0.19594000000000023
-2.020400000000002 -0.6219999999999999
-1.7134999999999962 -1.0728999999999989
-1.3414000000000001 -1.5361399999999996
-1.2688000000000024 -1.6129700000000007
0.09350000000000236 -1.9603000000000002
1.08898 -1.7185000000000024
1.5031999999999996 -1.4011000000000031
1.9123000000000019 -0.7981999999999978
2.094272 -0.2187999999999981
2.1120840000000003 -0.10350000000000037
2.1067799999999997 0.03049999999999997
1.8626000000000005 0.4560999999999993
1.6061000000000005 0.8699000000000012
0.8911000000000016 1.8445999999999998
# 3 20
1.3274000000000044 2.7767999999999997
-1.2734999999999985 2.8095
-2.0508000000000024 2.329600000000001
-2.9680999999999997 1.206999999999999
-3.1054000000000013 0.4875000000000007
-3.2075999999999993 -0.2976200000000002
-2.9650999999999996 -0.8879999999999981
-2.5556999999999945 -1.6166
-1.9283000000000001 -2.3497000000000003
-1.9211000000000027 -2.35637
0.12790000000000035 -2.918300000000002
0.49229999999999663 -2.8500650000000003
1.6807299999999998 -2.5141000000000027
2.2186999999999983 -2.0973000000000006
2.367679999999999 -1.9115000000000002
2.8267999999999986 -1.2287999999999997
2.9102560000000004 -1.0005000000000024
3.150122 -0.2362000000000002
3.163014 -0.05559999999999832
3.0967000000000002 0.061899999999997846
# 4 21
-3.920500000000004 1.647499999999999
-4.230499999999999 -0.31606000000000023
-4.2209 -0.36739999999999995
-3.9074000000000026 -1.123899999999999
-3.366799999999998 -2.1563
-2.5806000000000004 -3.0930999999999997
0.1678999999999995 -3.8851000000000013
0.6375999999999991 -3.7777200000000004
2.22771 -3.2722000000000016
2.5751799999999996 -3.0409000000000006
2.9067999999999987 -2.799900000000001
3.7348 -1.6545999999999985
3.84107 -1.3279999999999994
4.201052 -0.18829999999999814
4.152934 -0.024200000000000443
1.9654000000000025 3.388399999999999
1.8374999999999986 3.554409999999999
1.7394999999999996 3.640600000000001
1.6902000000000044 3.6819000000000006
-1.7009000000000007 3.735800000000001
-2.7093000000000025 3.1205
# 5 21
2.1758000000000024 4.572800000000001
-2.122 4.647000000000002
-3.3455000000000013 3.8909000000000002
-4.804600000000001 2.1401000000000003
-4.852000000000004 2.0388
-4.902299999999997 1.8305999999999987
-5.3012000000000015 -0.3746299999999998
-4.710899999999995 -1.4371900000000002
-4.029399999999995 -2.6301000000000005
-3.2089999999999996 -3.8314000000000004
-3.159700000000001 -3.8483
0.20509999999999806 -4.820600000000002
0.8059999999999974 -4.667120000000001
3.19548 -3.782499999999999
3.5549999999999997 -3.5202000000000027
3.5913000000000004 -3.4936000000000007
3.594199999999999 -3.4895999999999994
4.596 -2.0915999999999997
4.8200400000000005 -1.6472000000000016
5.190972 -0.15690000000000026
2.4414000000000016 4.270999999999999
# 6 20
-5.744500000000002 2.5123999999999995
-6.343800000000002 -0.4763099999999998
-5.661199999999994 -1.6976399999999998
-3.8313999999999986 -4.5649
-3.7881 -4.586600000000001
0.23079999999999856 -5.6615
0.8079999999999998 -5.57028
3.82564 -4.468399999999999
4.270499999999998 -4.2164
5.470699999999999 -2.537700000000001
5.70311 -1.9456000000000024
6.096162 -0.13039999999999807
5.93183 0.17960000000000065
2.8042000000000016 5.1761
2.6858999999999966 5.35041
2.622100000000003 5.3721
0.1570999999999998 5.4696
-2.5000999999999998 5.547699999999999
-4.0488 4.622
-5.7361 2.5314000000000014
# 7 17
-6.676000000000002 2.9037000000000006
-7.374300000000002 -0.5888400000000003
-6.566299999999998 -1.9352300000000002
-4.410499999999999 -5.3201
0.2553999999999981 -6.3797999999999995
0.9675000000000011 -6.30668
3.8201600000000004 -5.3766
4.43471 -5.1545999999999985
4.958599999999999 -4.9190000000000005
6.3302 -2.9998000000000005
6.56631 -2.2943999999999996
6.931442 -0.12819999999999965
6.88702 0.15319999999999823
3.2897999999999996 6.067
3.1321999999999974 6.149709999999999
-2.918599999999998 6.4162
-4.711400000000001 5.421700000000001
# 8 17
7.869197 0.14539999999999864
3.7361000000000004 6.866299999999999
-3.372299999999999 7.261899999999997
-3.4425999999999988 7.2501
-5.3759000000000015 6.1852800000000006
-7.587700000000002 3.2750000000000004
-8.016300000000001 1.305500000000002
-8.416900000000002 -0.6905200000000002
-7.455999999999996 -2.2361499999999994
-4.9087 -6.01832
0.28219999999999956 -6.9297
1.122600000000002 -6.8906600000000005
4.36169 -6.118399999999999
5.1248700000000005 -5.820599999999999
5.682 -5.5701
7.2225 -3.3881000000000014
7.434197 -2.4263999999999974
# 9 18
8.727003999999999 0.148299999999999
4.1648 7.5472
-3.8206999999999987 8.150799999999997
-3.8591999999999977 8.141200000000001
-6.0364 6.9299800000000005
-8.5046 3.668099999999999
-8.964710000000002 1.468
-9.3522 -0.7900799999999997
-8.3611 -2.47374
-5.2544 -6.42805
0.3005999999999993 -7.337199999999999
1.1224000000000025 -7.26844
4.79476 -6.820099999999998
5.7550300000000005 -6.506499999999999
6.3027999999999995 -6.277000000000001
8.079099999999999 -3.813200000000002
8.0823 -3.8062000000000005
8.357647 -2.6584000000000003
